Dynamically submitted total 2 cloudlets and VMs
Total vms now 6
LOSS : 
CurrentTime	300.0
LastTime	0.0
TimeDiff	300.0
TotalEnergy	0.0
NumVsEnded	0.0
AverageResponseTime	NaN
AverageMigrationTime	NaN
TotalCost	0.331666666666667
SLAOverall	NaN

VM #0 index 0 <-> Host #0
VM #1 index 1 <-> Host #1
VM #2 index 2 <-> Host #2
VM #3 index 3 <-> Host #3
INPUT : 
CNN number of VMs 4
1	0.0	0.0	0.0	0.0	2500	0	4000	4000	2147483647	10000	10000	0	100000	0	13333	false	NaN	0	0.0	169740.0	511639	99990000	0	1	0.0	
2	0.0	0.0	0.0	0.0	2500	0	8000	8000	0	10000	10000	0	100000	0	0	false	NaN	1	0.0	168240.0	507639	99990000	0	1	0.0	
4	0.0	0.0	0.0	0.0	2500	0	16000	16000	2147483647	10000	10000	0	100000	0	0	false	NaN	2	0.0	162240.0	499639	99990000	0	1	0.0	
8	0.0	0.0	0.0	0.0	2500	0	32000	32000	2147483647	10000	10000	12666	100000	0	0	false	NaN	3	0.0	150240.0	483639	99990000	0	1	0.0	
LSTM
0.0	210.0	1229.0	0.003316666666666667	NaN	0.0	0.18796992481203006	64	511639	515639	99990000	100000000	0	0	0	
0.0	210.0	1229.0	0.003316666666666667	NaN	0.0	0.7518796992481203	64	507639	515639	99990000	100000000	0	0	0	
0.0	210.0	1229.0	0.003316666666666667	NaN	0.0	1.0	64	499639	515639	99990000	100000000	0	0	0	
0.0	210.0	1229.0	0.003316666666666667	NaN	0.0	1.0	64	483639	515639	99990000	100000000	0	0	0	
0.0	210.0	1229.0	0.003316666666666667	NaN	0.0	0.0	64	515639	515639	100000000	100000000	0	0	0	
0.0	210.0	1229.0	0.003316666666666667	NaN	0.0	0.0	64	515639	515639	100000000	100000000	0	0	0	
0.0	210.0	1229.0	0.003316666666666667	NaN	0.0	0.0	64	515639	515639	100000000	100000000	0	0	0	
0.0	210.0	1229.0	0.003316666666666667	NaN	0.0	0.0	64	515639	515639	100000000	100000000	0	0	0	
0.0	210.0	1229.0	0.003316666666666667	NaN	0.0	0.0	64	515639	515639	100000000	100000000	0	0	0	
0.0	210.0	1229.0	0.003316666666666667	NaN	0.0	0.0	64	515639	515639	100000000	100000000	0	0	0	
0.0	210.0	1229.0	0.003316666666666667	NaN	0.0	0.0	64	515639	515639	100000000	100000000	0	0	0	
0.0	210.0	1229.0	0.003316666666666667	NaN	0.0	0.0	64	515639	515639	100000000	100000000	0	0	0	
0.0	210.0	1229.0	0.003316666666666667	NaN	0.0	0.0	64	515639	515639	100000000	100000000	0	0	0	
0.0	210.0	1229.0	0.003316666666666667	NaN	0.0	0.0	64	515639	515639	100000000	100000000	0	0	0	
0.0	210.0	1229.0	0.003316666666666667	NaN	0.0	0.0	64	515639	515639	100000000	100000000	0	0	0	
0.0	210.0	1229.0	0.003316666666666667	NaN	0.0	0.0	64	515639	515639	100000000	100000000	0	0	0	
0.0	210.0	1229.0	0.003316666666666667	NaN	0.0	0.0	64	515639	515639	100000000	100000000	0	0	0	
0.0	210.0	1229.0	0.003316666666666667	NaN	0.0	0.0	64	515639	515639	100000000	100000000	0	0	0	
0.0	210.0	1229.0	0.003316666666666667	NaN	0.0	0.0	64	515639	515639	100000000	100000000	0	0	0	
0.0	210.0	1229.0	0.003316666666666667	NaN	0.0	0.0	64	515639	515639	100000000	100000000	0	0	0	
0.0	210.0	1229.0	0.003316666666666667	NaN	0.0	0.0	64	515639	515639	100000000	100000000	0	0	0	
0.0	210.0	1229.0	0.003316666666666667	NaN	0.0	0.0	64	515639	515639	100000000	100000000	0	0	0	
0.0	210.0	1229.0	0.003316666666666667	NaN	0.0	0.0	64	515639	515639	100000000	100000000	0	0	0	
0.0	210.0	1229.0	0.003316666666666667	NaN	0.0	0.0	64	515639	515639	100000000	100000000	0	0	0	
0.0	210.0	1229.0	0.003316666666666667	NaN	0.0	0.0	64	515639	515639	100000000	100000000	0	0	0	
0.0	210.0	1229.0	0.003316666666666667	NaN	0.0	0.0	64	515639	515639	100000000	100000000	0	0	0	
0.0	210.0	1229.0	0.003316666666666667	NaN	0.0	0.0	64	515639	515639	100000000	100000000	0	0	0	
0.0	210.0	1229.0	0.003316666666666667	NaN	0.0	0.0	64	515639	515639	100000000	100000000	0	0	0	
0.0	210.0	1229.0	0.003316666666666667	NaN	0.0	0.0	64	515639	515639	100000000	100000000	0	0	0	
0.0	210.0	1229.0	0.003316666666666667	NaN	0.0	0.0	64	515639	515639	100000000	100000000	0	0	0	
0.0	210.0	1229.0	0.003316666666666667	NaN	0.0	0.0	64	515639	515639	100000000	100000000	0	0	0	
0.0	210.0	1229.0	0.003316666666666667	NaN	0.0	0.0	64	515639	515639	100000000	100000000	0	0	0	
0.0	210.0	1229.0	0.003316666666666667	NaN	0.0	0.0	64	515639	515639	100000000	100000000	0	0	0	
0.0	210.0	1229.0	0.003316666666666667	NaN	0.0	0.0	64	515639	515639	100000000	100000000	0	0	0	
0.0	210.0	1229.0	0.003316666666666667	NaN	0.0	0.0	64	515639	515639	100000000	100000000	0	0	0	
0.0	210.0	1229.0	0.003316666666666667	NaN	0.0	0.0	64	515639	515639	100000000	100000000	0	0	0	
0.0	210.0	1229.0	0.003316666666666667	NaN	0.0	0.0	64	515639	515639	100000000	100000000	0	0	0	
0.0	210.0	1229.0	0.003316666666666667	NaN	0.0	0.0	64	515639	515639	100000000	100000000	0	0	0	
0.0	210.0	1229.0	0.003316666666666667	NaN	0.0	0.0	64	515639	515639	100000000	100000000	0	0	0	
0.0	210.0	1229.0	0.003316666666666667	NaN	0.0	0.0	64	515639	515639	100000000	100000000	0	0	0	
0.0	210.0	1229.0	0.003316666666666667	NaN	0.0	0.0	64	515639	515639	100000000	100000000	0	0	0	
0.0	210.0	1229.0	0.003316666666666667	NaN	0.0	0.0	64	515639	515639	100000000	100000000	0	0	0	
0.0	210.0	1229.0	0.003316666666666667	NaN	0.0	0.0	64	515639	515639	100000000	100000000	0	0	0	
0.0	210.0	1229.0	0.003316666666666667	NaN	0.0	0.0	64	515639	515639	100000000	100000000	0	0	0	
0.0	210.0	1229.0	0.003316666666666667	NaN	0.0	0.0	64	515639	515639	100000000	100000000	0	0	0	
0.0	210.0	1229.0	0.003316666666666667	NaN	0.0	0.0	64	515639	515639	100000000	100000000	0	0	0	
0.0	210.0	1229.0	0.003316666666666667	NaN	0.0	0.0	64	515639	515639	100000000	100000000	0	0	0	
0.0	210.0	1229.0	0.003316666666666667	NaN	0.0	0.0	64	515639	515639	100000000	100000000	0	0	0	
0.0	210.0	1229.0	0.003316666666666667	NaN	0.0	0.0	64	515639	515639	100000000	100000000	0	0	0	
0.0	210.0	1229.0	0.003316666666666667	NaN	0.0	0.0	64	515639	515639	100000000	100000000	0	0	0	
0.0	210.0	1229.0	0.003316666666666667	NaN	0.0	0.0	64	515639	515639	100000000	100000000	0	0	0	
0.0	210.0	1229.0	0.003316666666666667	NaN	0.0	0.0	64	515639	515639	100000000	100000000	0	0	0	
0.0	210.0	1229.0	0.003316666666666667	NaN	0.0	0.0	64	515639	515639	100000000	100000000	0	0	0	
0.0	210.0	1229.0	0.003316666666666667	NaN	0.0	0.0	64	515639	515639	100000000	100000000	0	0	0	
0.0	210.0	1229.0	0.003316666666666667	NaN	0.0	0.0	64	515639	515639	100000000	100000000	0	0	0	
0.0	210.0	1229.0	0.003316666666666667	NaN	0.0	0.0	64	515639	515639	100000000	100000000	0	0	0	
0.0	210.0	1229.0	0.003316666666666667	NaN	0.0	0.0	64	515639	515639	100000000	100000000	0	0	0	
0.0	210.0	1229.0	0.003316666666666667	NaN	0.0	0.0	64	515639	515639	100000000	100000000	0	0	0	
0.0	210.0	1229.0	0.003316666666666667	NaN	0.0	0.0	64	515639	515639	100000000	100000000	0	0	0	
0.0	210.0	1229.0	0.003316666666666667	NaN	0.0	0.0	64	515639	515639	100000000	100000000	0	0	0	
0.0	210.0	1229.0	0.003316666666666667	NaN	0.0	0.0	64	515639	515639	100000000	100000000	0	0	0	
0.0	210.0	1229.0	0.003316666666666667	NaN	0.0	0.0	64	515639	515639	100000000	100000000	0	0	0	
0.0	210.0	1229.0	0.003316666666666667	NaN	0.0	0.0	64	515639	515639	100000000	100000000	0	0	0	
0.0	210.0	1229.0	0.003316666666666667	NaN	0.0	0.0	64	515639	515639	100000000	100000000	0	0	0	
0.0	210.0	1229.0	0.003316666666666667	NaN	0.0	0.0	64	515639	515639	100000000	100000000	0	0	0	
0.0	210.0	1229.0	0.003316666666666667	NaN	0.0	0.0	64	515639	515639	100000000	100000000	0	0	0	
0.0	210.0	1229.0	0.003316666666666667	NaN	0.0	0.0	64	515639	515639	100000000	100000000	0	0	0	
0.0	210.0	1229.0	0.003316666666666667	NaN	0.0	0.0	64	515639	515639	100000000	100000000	0	0	0	
0.0	210.0	1229.0	0.003316666666666667	NaN	0.0	0.0	64	515639	515639	100000000	100000000	0	0	0	
0.0	210.0	1229.0	0.003316666666666667	NaN	0.0	0.0	64	515639	515639	100000000	100000000	0	0	0	
0.0	210.0	1229.0	0.003316666666666667	NaN	0.0	0.0	64	515639	515639	100000000	100000000	0	0	0	
0.0	210.0	1229.0	0.003316666666666667	NaN	0.0	0.0	64	515639	515639	100000000	100000000	0	0	0	
0.0	210.0	1229.0	0.003316666666666667	NaN	0.0	0.0	64	515639	515639	100000000	100000000	0	0	0	
0.0	210.0	1229.0	0.003316666666666667	NaN	0.0	0.0	64	515639	515639	100000000	100000000	0	0	0	
0.0	210.0	1229.0	0.003316666666666667	NaN	0.0	0.0	64	515639	515639	100000000	100000000	0	0	0	
0.0	210.0	1229.0	0.003316666666666667	NaN	0.0	0.0	64	515639	515639	100000000	100000000	0	0	0	
0.0	210.0	1229.0	0.003316666666666667	NaN	0.0	0.0	64	515639	515639	100000000	100000000	0	0	0	
0.0	210.0	1229.0	0.003316666666666667	NaN	0.0	0.0	64	515639	515639	100000000	100000000	0	0	0	
0.0	210.0	1229.0	0.003316666666666667	NaN	0.0	0.0	64	515639	515639	100000000	100000000	0	0	0	
0.0	210.0	1229.0	0.003316666666666667	NaN	0.0	0.0	64	515639	515639	100000000	100000000	0	0	0	
0.0	210.0	1229.0	0.003316666666666667	NaN	0.0	0.0	64	515639	515639	100000000	100000000	0	0	0	
0.0	210.0	1229.0	0.003316666666666667	NaN	0.0	0.0	64	515639	515639	100000000	100000000	0	0	0	
0.0	210.0	1229.0	0.003316666666666667	NaN	0.0	0.0	64	515639	515639	100000000	100000000	0	0	0	
0.0	210.0	1229.0	0.003316666666666667	NaN	0.0	0.0	64	515639	515639	100000000	100000000	0	0	0	
0.0	210.0	1229.0	0.003316666666666667	NaN	0.0	0.0	64	515639	515639	100000000	100000000	0	0	0	
0.0	210.0	1229.0	0.003316666666666667	NaN	0.0	0.0	64	515639	515639	100000000	100000000	0	0	0	
0.0	210.0	1229.0	0.003316666666666667	NaN	0.0	0.0	64	515639	515639	100000000	100000000	0	0	0	
0.0	210.0	1229.0	0.003316666666666667	NaN	0.0	0.0	64	515639	515639	100000000	100000000	0	0	0	
0.0	210.0	1229.0	0.003316666666666667	NaN	0.0	0.0	64	515639	515639	100000000	100000000	0	0	0	
0.0	210.0	1229.0	0.003316666666666667	NaN	0.0	0.0	64	515639	515639	100000000	100000000	0	0	0	
0.0	210.0	1229.0	0.003316666666666667	NaN	0.0	0.0	64	515639	515639	100000000	100000000	0	0	0	
0.0	210.0	1229.0	0.003316666666666667	NaN	0.0	0.0	64	515639	515639	100000000	100000000	0	0	0	
0.0	210.0	1229.0	0.003316666666666667	NaN	0.0	0.0	64	515639	515639	100000000	100000000	0	0	0	
0.0	210.0	1229.0	0.003316666666666667	NaN	0.0	0.0	64	515639	515639	100000000	100000000	0	0	0	
0.0	210.0	1229.0	0.003316666666666667	NaN	0.0	0.0	64	515639	515639	100000000	100000000	0	0	0	
0.0	210.0	1229.0	0.003316666666666667	NaN	0.0	0.0	64	515639	515639	100000000	100000000	0	0	0	
0.0	210.0	1229.0	0.003316666666666667	NaN	0.0	0.0	64	515639	515639	100000000	100000000	0	0	0	
0.0	210.0	1229.0	0.003316666666666667	NaN	0.0	0.0	64	515639	515639	100000000	100000000	0	0	0	
0.0	210.0	1229.0	0.003316666666666667	NaN	0.0	0.0	64	515639	515639	100000000	100000000	0	0	0	
0.0	210.0	1229.0	0.003316666666666667	NaN	0.0	0.0	64	515639	515639	100000000	100000000	0	0	0	

Dynamically submitted total 2 cloudlets and VMs
Total vms now 8
LOSS : 
CurrentTime	600.0
LastTime	302.56
TimeDiff	297.44
TotalEnergy	755.9932544134547
NumVsEnded	2.0
AverageResponseTime	0.0
AverageMigrationTime	0.64
TotalCost	0.3288364444444448
SLAOverall	0.030199196589620923

VM #0 index 0 <-> Host #2
VM #2 index 1 <-> Host #0
VM #3 index 2 <-> Host #3
VM #4 index 3 <-> Host #2
INPUT : 
CNN number of VMs 4
1	466.15884444444447	466.15884444444447	466.1663611111111	0.0	2500	0	4000	365	2147483647	10000	26	0	100000	0	133333	false	0.025000122260110863	2	932.3176888888889	169307.68231111113	515274	99999974	0	2	260.07853079970914	
4	167.9544888888889	41.988622222222226	41.99955555555556	0.0	2500	0	16000	1949	2147483647	10000	0	0	100000	0	0	false	0.09999999999999987	0	168.99146666666667	170071.00853333334	506557	99999949	0	2	247.99900166929967	
8	10.369777777777779	1.2962222222222224	1.251805555555556	0.0	2500	0	32000	7133	2147483647	10000	51	14000	100000	0	0	true	0.09999999999999985	3	10.369777777777779	170229.63022222221	508506	99999949	0	1	247.91572194444586	
1	466.15884444444447	466.15884444444447	0.0	0.0	2500	0	4000	0	2147483647	10000	0	0	100000	0	133333	false	0.0	2	932.3176888888889	169307.68231111113	515274	99999974	0	2	260.07853079970914	
LSTM
247.99900166929967	211.5981923245614	1229.0	0.0032883644444444446	0.0999999999999998	9.926660401002507E-4	0.06353062656641593	64	506557	515639	99999949	100000000	0	0	1	
0.0	210.0	1229.0	0.0032883644444444446	NaN	0.0	0.0	64	515639	515639	100000000	100000000	0	0	0	
260.07853079970914	218.81714919590644	1229.0	0.0032883644444444446	0.014611955895627304	0.005476490183792816	0.35049537176274026	64	515274	515639	99999974	100000000	0	0	0	
247.91572194444586	210.09806944444443	1229.0	0.0032883644444444446	0.09999999999999985	6.091269841269842E-5	0.003508571428571479	64	508506	515639	99999949	100000000	0	0	0	
0.0	210.0	1229.0	0.0032883644444444446	NaN	0.0	0.0	64	515639	515639	100000000	100000000	0	0	0	
0.0	210.0	1229.0	0.0032883644444444446	NaN	0.0	0.0	64	515639	515639	100000000	100000000	0	0	0	
0.0	210.0	1229.0	0.0032883644444444446	NaN	0.0	0.0	64	515639	515639	100000000	100000000	0	0	0	
0.0	210.0	1229.0	0.0032883644444444446	NaN	0.0	0.0	64	515639	515639	100000000	100000000	0	0	0	
0.0	210.0	1229.0	0.0032883644444444446	NaN	0.0	0.0	64	515639	515639	100000000	100000000	0	0	0	
0.0	210.0	1229.0	0.0032883644444444446	NaN	0.0	0.0	64	515639	515639	100000000	100000000	0	0	0	
0.0	210.0	1229.0	0.0032883644444444446	NaN	0.0	0.0	64	515639	515639	100000000	100000000	0	0	0	
0.0	210.0	1229.0	0.0032883644444444446	NaN	0.0	0.0	64	515639	515639	100000000	100000000	0	0	0	
0.0	210.0	1229.0	0.0032883644444444446	NaN	0.0	0.0	64	515639	515639	100000000	100000000	0	0	0	
0.0	210.0	1229.0	0.0032883644444444446	NaN	0.0	0.0	64	515639	515639	100000000	100000000	0	0	0	
0.0	210.0	1229.0	0.0032883644444444446	NaN	0.0	0.0	64	515639	515639	100000000	100000000	0	0	0	
0.0	210.0	1229.0	0.0032883644444444446	NaN	0.0	0.0	64	515639	515639	100000000	100000000	0	0	0	
0.0	210.0	1229.0	0.0032883644444444446	NaN	0.0	0.0	64	515639	515639	100000000	100000000	0	0	0	
0.0	210.0	1229.0	0.0032883644444444446	NaN	0.0	0.0	64	515639	515639	100000000	100000000	0	0	0	
0.0	210.0	1229.0	0.0032883644444444446	NaN	0.0	0.0	64	515639	515639	100000000	100000000	0	0	0	
0.0	210.0	1229.0	0.0032883644444444446	NaN	0.0	0.0	64	515639	515639	100000000	100000000	0	0	0	
0.0	210.0	1229.0	0.0032883644444444446	NaN	0.0	0.0	64	515639	515639	100000000	100000000	0	0	0	
0.0	210.0	1229.0	0.0032883644444444446	NaN	0.0	0.0	64	515639	515639	100000000	100000000	0	0	0	
0.0	210.0	1229.0	0.0032883644444444446	NaN	0.0	0.0	64	515639	515639	100000000	100000000	0	0	0	
0.0	210.0	1229.0	0.0032883644444444446	NaN	0.0	0.0	64	515639	515639	100000000	100000000	0	0	0	
0.0	210.0	1229.0	0.0032883644444444446	NaN	0.0	0.0	64	515639	515639	100000000	100000000	0	0	0	
0.0	210.0	1229.0	0.0032883644444444446	NaN	0.0	0.0	64	515639	515639	100000000	100000000	0	0	0	
0.0	210.0	1229.0	0.0032883644444444446	NaN	0.0	0.0	64	515639	515639	100000000	100000000	0	0	0	
0.0	210.0	1229.0	0.0032883644444444446	NaN	0.0	0.0	64	515639	515639	100000000	100000000	0	0	0	
0.0	210.0	1229.0	0.0032883644444444446	NaN	0.0	0.0	64	515639	515639	100000000	100000000	0	0	0	
0.0	210.0	1229.0	0.0032883644444444446	NaN	0.0	0.0	64	515639	515639	100000000	100000000	0	0	0	
0.0	210.0	1229.0	0.0032883644444444446	NaN	0.0	0.0	64	515639	515639	100000000	100000000	0	0	0	
0.0	210.0	1229.0	0.0032883644444444446	NaN	0.0	0.0	64	515639	515639	100000000	100000000	0	0	0	
0.0	210.0	1229.0	0.0032883644444444446	NaN	0.0	0.0	64	515639	515639	100000000	100000000	0	0	0	
0.0	210.0	1229.0	0.0032883644444444446	NaN	0.0	0.0	64	515639	515639	100000000	100000000	0	0	0	
0.0	210.0	1229.0	0.0032883644444444446	NaN	0.0	0.0	64	515639	515639	100000000	100000000	0	0	0	
0.0	210.0	1229.0	0.0032883644444444446	NaN	0.0	0.0	64	515639	515639	100000000	100000000	0	0	0	
0.0	210.0	1229.0	0.0032883644444444446	NaN	0.0	0.0	64	515639	515639	100000000	100000000	0	0	0	
0.0	210.0	1229.0	0.0032883644444444446	NaN	0.0	0.0	64	515639	515639	100000000	100000000	0	0	0	
0.0	210.0	1229.0	0.0032883644444444446	NaN	0.0	0.0	64	515639	515639	100000000	100000000	0	0	0	
0.0	210.0	1229.0	0.0032883644444444446	NaN	0.0	0.0	64	515639	515639	100000000	100000000	0	0	0	
0.0	210.0	1229.0	0.0032883644444444446	NaN	0.0	0.0	64	515639	515639	100000000	100000000	0	0	0	
0.0	210.0	1229.0	0.0032883644444444446	NaN	0.0	0.0	64	515639	515639	100000000	100000000	0	0	0	
0.0	210.0	1229.0	0.0032883644444444446	NaN	0.0	0.0	64	515639	515639	100000000	100000000	0	0	0	
0.0	210.0	1229.0	0.0032883644444444446	NaN	0.0	0.0	64	515639	515639	100000000	100000000	0	0	0	
0.0	210.0	1229.0	0.0032883644444444446	NaN	0.0	0.0	64	515639	515639	100000000	100000000	0	0	0	
0.0	210.0	1229.0	0.0032883644444444446	NaN	0.0	0.0	64	515639	515639	100000000	100000000	0	0	0	
0.0	210.0	1229.0	0.0032883644444444446	NaN	0.0	0.0	64	515639	515639	100000000	100000000	0	0	0	
0.0	210.0	1229.0	0.0032883644444444446	NaN	0.0	0.0	64	515639	515639	100000000	100000000	0	0	0	
0.0	210.0	1229.0	0.0032883644444444446	NaN	0.0	0.0	64	515639	515639	100000000	100000000	0	0	0	
0.0	210.0	1229.0	0.0032883644444444446	NaN	0.0	0.0	64	515639	515639	100000000	100000000	0	0	0	
0.0	210.0	1229.0	0.0032883644444444446	NaN	0.0	0.0	64	515639	515639	100000000	100000000	0	0	0	
0.0	210.0	1229.0	0.0032883644444444446	NaN	0.0	0.0	64	515639	515639	100000000	100000000	0	0	0	
0.0	210.0	1229.0	0.0032883644444444446	NaN	0.0	0.0	64	515639	515639	100000000	100000000	0	0	0	
0.0	210.0	1229.0	0.0032883644444444446	NaN	0.0	0.0	64	515639	515639	100000000	100000000	0	0	0	
0.0	210.0	1229.0	0.0032883644444444446	NaN	0.0	0.0	64	515639	515639	100000000	100000000	0	0	0	
0.0	210.0	1229.0	0.0032883644444444446	NaN	0.0	0.0	64	515639	515639	100000000	100000000	0	0	0	
0.0	210.0	1229.0	0.0032883644444444446	NaN	0.0	0.0	64	515639	515639	100000000	100000000	0	0	0	
0.0	210.0	1229.0	0.0032883644444444446	NaN	0.0	0.0	64	515639	515639	100000000	100000000	0	0	0	
0.0	210.0	1229.0	0.0032883644444444446	NaN	0.0	0.0	64	515639	515639	100000000	100000000	0	0	0	
0.0	210.0	1229.0	0.0032883644444444446	NaN	0.0	0.0	64	515639	515639	100000000	100000000	0	0	0	
0.0	210.0	1229.0	0.0032883644444444446	NaN	0.0	0.0	64	515639	515639	100000000	100000000	0	0	0	
0.0	210.0	1229.0	0.0032883644444444446	NaN	0.0	0.0	64	515639	515639	100000000	100000000	0	0	0	
0.0	210.0	1229.0	0.0032883644444444446	NaN	0.0	0.0	64	515639	515639	100000000	100000000	0	0	0	
0.0	210.0	1229.0	0.0032883644444444446	NaN	0.0	0.0	64	515639	515639	100000000	100000000	0	0	0	
0.0	210.0	1229.0	0.0032883644444444446	NaN	0.0	0.0	64	515639	515639	100000000	100000000	0	0	0	
0.0	210.0	1229.0	0.0032883644444444446	NaN	0.0	0.0	64	515639	515639	100000000	100000000	0	0	0	
0.0	210.0	1229.0	0.0032883644444444446	NaN	0.0	0.0	64	515639	515639	100000000	100000000	0	0	0	
0.0	210.0	1229.0	0.0032883644444444446	NaN	0.0	0.0	64	515639	515639	100000000	100000000	0	0	0	
0.0	210.0	1229.0	0.0032883644444444446	NaN	0.0	0.0	64	515639	515639	100000000	100000000	0	0	0	
0.0	210.0	1229.0	0.0032883644444444446	NaN	0.0	0.0	64	515639	515639	100000000	100000000	0	0	0	
0.0	210.0	1229.0	0.0032883644444444446	NaN	0.0	0.0	64	515639	515639	100000000	100000000	0	0	0	
0.0	210.0	1229.0	0.0032883644444444446	NaN	0.0	0.0	64	515639	515639	100000000	100000000	0	0	0	
0.0	210.0	1229.0	0.0032883644444444446	NaN	0.0	0.0	64	515639	515639	100000000	100000000	0	0	0	
0.0	210.0	1229.0	0.0032883644444444446	NaN	0.0	0.0	64	515639	515639	100000000	100000000	0	0	0	
0.0	210.0	1229.0	0.0032883644444444446	NaN	0.0	0.0	64	515639	515639	100000000	100000000	0	0	0	
0.0	210.0	1229.0	0.0032883644444444446	NaN	0.0	0.0	64	515639	515639	100000000	100000000	0	0	0	
0.0	210.0	1229.0	0.0032883644444444446	NaN	0.0	0.0	64	515639	515639	100000000	100000000	0	0	0	
0.0	210.0	1229.0	0.0032883644444444446	NaN	0.0	0.0	64	515639	515639	100000000	100000000	0	0	0	
0.0	210.0	1229.0	0.0032883644444444446	NaN	0.0	0.0	64	515639	515639	100000000	100000000	0	0	0	
0.0	210.0	1229.0	0.0032883644444444446	NaN	0.0	0.0	64	515639	515639	100000000	100000000	0	0	0	
0.0	210.0	1229.0	0.0032883644444444446	NaN	0.0	0.0	64	515639	515639	100000000	100000000	0	0	0	
0.0	210.0	1229.0	0.0032883644444444446	NaN	0.0	0.0	64	515639	515639	100000000	100000000	0	0	0	
0.0	210.0	1229.0	0.0032883644444444446	NaN	0.0	0.0	64	515639	515639	100000000	100000000	0	0	0	
0.0	210.0	1229.0	0.0032883644444444446	NaN	0.0	0.0	64	515639	515639	100000000	100000000	0	0	0	
0.0	210.0	1229.0	0.0032883644444444446	NaN	0.0	0.0	64	515639	515639	100000000	100000000	0	0	0	
0.0	210.0	1229.0	0.0032883644444444446	NaN	0.0	0.0	64	515639	515639	100000000	100000000	0	0	0	
0.0	210.0	1229.0	0.0032883644444444446	NaN	0.0	0.0	64	515639	515639	100000000	100000000	0	0	0	
0.0	210.0	1229.0	0.0032883644444444446	NaN	0.0	0.0	64	515639	515639	100000000	100000000	0	0	0	
0.0	210.0	1229.0	0.0032883644444444446	NaN	0.0	0.0	64	515639	515639	100000000	100000000	0	0	0	
0.0	210.0	1229.0	0.0032883644444444446	NaN	0.0	0.0	64	515639	515639	100000000	100000000	0	0	0	
0.0	210.0	1229.0	0.0032883644444444446	NaN	0.0	0.0	64	515639	515639	100000000	100000000	0	0	0	
0.0	210.0	1229.0	0.0032883644444444446	NaN	0.0	0.0	64	515639	515639	100000000	100000000	0	0	0	
0.0	210.0	1229.0	0.0032883644444444446	NaN	0.0	0.0	64	515639	515639	100000000	100000000	0	0	0	
0.0	210.0	1229.0	0.0032883644444444446	NaN	0.0	0.0	64	515639	515639	100000000	100000000	0	0	0	
0.0	210.0	1229.0	0.0032883644444444446	NaN	0.0	0.0	64	515639	515639	100000000	100000000	0	0	0	
0.0	210.0	1229.0	0.0032883644444444446	NaN	0.0	0.0	64	515639	515639	100000000	100000000	0	0	0	
0.0	210.0	1229.0	0.0032883644444444446	NaN	0.0	0.0	64	515639	515639	100000000	100000000	0	0	0	
0.0	210.0	1229.0	0.0032883644444444446	NaN	0.0	0.0	64	515639	515639	100000000	100000000	0	0	0	
0.0	210.0	1229.0	0.0032883644444444446	NaN	0.0	0.0	64	515639	515639	100000000	100000000	0	0	0	
0.0	210.0	1229.0	0.0032883644444444446	NaN	0.0	0.0	64	515639	515639	100000000	100000000	0	0	0	

Dynamically submitted total 4 cloudlets and VMs
Total vms now 12
LOSS : 
CurrentTime	900.0
LastTime	602.66
TimeDiff	297.34000000000003
TotalEnergy	836.0460633350699
NumVsEnded	1.0
AverageResponseTime	0.0
AverageMigrationTime	0.0
TotalCost	0.32872588888888865
SLAOverall	0.001303950685056314

VM #0 index 0 <-> Host #2
VM #2 index 1 <-> Host #2
VM #3 index 2 <-> Host #0
VM #4 index 3 <-> Host #2
VM #6 index 4 <-> Host #2
INPUT : 
CNN number of VMs 5
1	465.07710000000003	465.07710000000003	465.7049305555555	0.21291815760030516	2500	0	4000	402	2147483647	10000	34	5356666	100000	0	253333	false	2.1146555987587465E-4	2	1563.2815444444445	168676.7184555556	510046	99999829	0	5	428.9264267385874	
4	162.7376	40.6844	41.33344444444445	0.4437040123456828	2500	0	16000	2142	2147483647	10000	0	0	100000	0	0	false	0.00166572567256753	2	1563.2815444444445	168676.7184555556	510046	99999829	0	5	428.9264267385874	
8	53.12644444444446	6.640805555555556	3.9587499999999998	7.327548225308638	2500	0	32000	2245	2147483647	10000	54	12000	100000	0	0	true	0.09983600091937328	0	53.12644444444445	170186.87355555556	513394	99999946	0	1	407.11963659648256	
1	465.07710000000003	465.07710000000003	232.62175	54112.878573062495	2500	0	4000	402	2147483647	10000	34	5356666	100000	0	253333	false	0.0	2	1563.2815444444445	168676.7184555556	510046	99999829	0	5	428.9264267385874	
1	465.07710000000003	465.07710000000003	0.0	0.0	2500	0	4000	402	2147483647	10000	49	5356666	100000	0	253333	false	0.0	2	1563.2815444444445	168676.7184555556	510046	99999829	0	5	428.9264267385874	
LSTM
407.11963659648256	210.50242936769007	1229.0	0.0032872588888888895	0.09983600091937328	3.120679302422724E-4	0.01797511278195485	64	513394	515639	99999946	100000000	0	0	0	
0.0	210.0	1229.0	0.0032872588888888895	NaN	0.0	0.0	64	515639	515639	100000000	100000000	0	0	0	
428.9264267385874	224.78432381670322	1229.0	0.0032872588888888895	0.0013039506850561415	0.009182809824039266	0.587699828738513	64	510046	515639	99999829	100000000	0	0	1	
0.0	210.0	1229.0	0.0032872588888888895	NaN	0.0	0.0	64	515639	515639	100000000	100000000	0	0	0	
0.0	210.0	1229.0	0.0032872588888888895	NaN	0.0	0.0	64	515639	515639	100000000	100000000	0	0	0	
0.0	210.0	1229.0	0.0032872588888888895	NaN	0.0	0.0	64	515639	515639	100000000	100000000	0	0	0	
0.0	210.0	1229.0	0.0032872588888888895	NaN	0.0	0.0	64	515639	515639	100000000	100000000	0	0	0	
0.0	210.0	1229.0	0.0032872588888888895	NaN	0.0	0.0	64	515639	515639	100000000	100000000	0	0	0	
0.0	210.0	1229.0	0.0032872588888888895	NaN	0.0	0.0	64	515639	515639	100000000	100000000	0	0	0	
0.0	210.0	1229.0	0.0032872588888888895	NaN	0.0	0.0	64	515639	515639	100000000	100000000	0	0	0	
0.0	210.0	1229.0	0.0032872588888888895	NaN	0.0	0.0	64	515639	515639	100000000	100000000	0	0	0	
0.0	210.0	1229.0	0.0032872588888888895	NaN	0.0	0.0	64	515639	515639	100000000	100000000	0	0	0	
0.0	210.0	1229.0	0.0032872588888888895	NaN	0.0	0.0	64	515639	515639	100000000	100000000	0	0	0	
0.0	210.0	1229.0	0.0032872588888888895	NaN	0.0	0.0	64	515639	515639	100000000	100000000	0	0	0	
0.0	210.0	1229.0	0.0032872588888888895	NaN	0.0	0.0	64	515639	515639	100000000	100000000	0	0	0	
0.0	210.0	1229.0	0.0032872588888888895	NaN	0.0	0.0	64	515639	515639	100000000	100000000	0	0	0	
0.0	210.0	1229.0	0.0032872588888888895	NaN	0.0	0.0	64	515639	515639	100000000	100000000	0	0	0	
0.0	210.0	1229.0	0.0032872588888888895	NaN	0.0	0.0	64	515639	515639	100000000	100000000	0	0	0	
0.0	210.0	1229.0	0.0032872588888888895	NaN	0.0	0.0	64	515639	515639	100000000	100000000	0	0	0	
0.0	210.0	1229.0	0.0032872588888888895	NaN	0.0	0.0	64	515639	515639	100000000	100000000	0	0	0	
0.0	210.0	1229.0	0.0032872588888888895	NaN	0.0	0.0	64	515639	515639	100000000	100000000	0	0	0	
0.0	210.0	1229.0	0.0032872588888888895	NaN	0.0	0.0	64	515639	515639	100000000	100000000	0	0	0	
0.0	210.0	1229.0	0.0032872588888888895	NaN	0.0	0.0	64	515639	515639	100000000	100000000	0	0	0	
0.0	210.0	1229.0	0.0032872588888888895	NaN	0.0	0.0	64	515639	515639	100000000	100000000	0	0	0	
0.0	210.0	1229.0	0.0032872588888888895	NaN	0.0	0.0	64	515639	515639	100000000	100000000	0	0	0	
0.0	210.0	1229.0	0.0032872588888888895	NaN	0.0	0.0	64	515639	515639	100000000	100000000	0	0	0	
0.0	210.0	1229.0	0.0032872588888888895	NaN	0.0	0.0	64	515639	515639	100000000	100000000	0	0	0	
0.0	210.0	1229.0	0.0032872588888888895	NaN	0.0	0.0	64	515639	515639	100000000	100000000	0	0	0	
0.0	210.0	1229.0	0.0032872588888888895	NaN	0.0	0.0	64	515639	515639	100000000	100000000	0	0	0	
0.0	210.0	1229.0	0.0032872588888888895	NaN	0.0	0.0	64	515639	515639	100000000	100000000	0	0	0	
0.0	210.0	1229.0	0.0032872588888888895	NaN	0.0	0.0	64	515639	515639	100000000	100000000	0	0	0	
0.0	210.0	1229.0	0.0032872588888888895	NaN	0.0	0.0	64	515639	515639	100000000	100000000	0	0	0	
0.0	210.0	1229.0	0.0032872588888888895	NaN	0.0	0.0	64	515639	515639	100000000	100000000	0	0	0	
0.0	210.0	1229.0	0.0032872588888888895	NaN	0.0	0.0	64	515639	515639	100000000	100000000	0	0	0	
0.0	210.0	1229.0	0.0032872588888888895	NaN	0.0	0.0	64	515639	515639	100000000	100000000	0	0	0	
0.0	210.0	1229.0	0.0032872588888888895	NaN	0.0	0.0	64	515639	515639	100000000	100000000	0	0	0	
0.0	210.0	1229.0	0.0032872588888888895	NaN	0.0	0.0	64	515639	515639	100000000	100000000	0	0	0	
0.0	210.0	1229.0	0.0032872588888888895	NaN	0.0	0.0	64	515639	515639	100000000	100000000	0	0	0	
0.0	210.0	1229.0	0.0032872588888888895	NaN	0.0	0.0	64	515639	515639	100000000	100000000	0	0	0	
0.0	210.0	1229.0	0.0032872588888888895	NaN	0.0	0.0	64	515639	515639	100000000	100000000	0	0	0	
0.0	210.0	1229.0	0.0032872588888888895	NaN	0.0	0.0	64	515639	515639	100000000	100000000	0	0	0	
0.0	210.0	1229.0	0.0032872588888888895	NaN	0.0	0.0	64	515639	515639	100000000	100000000	0	0	0	
0.0	210.0	1229.0	0.0032872588888888895	NaN	0.0	0.0	64	515639	515639	100000000	100000000	0	0	0	
0.0	210.0	1229.0	0.0032872588888888895	NaN	0.0	0.0	64	515639	515639	100000000	100000000	0	0	0	
0.0	210.0	1229.0	0.0032872588888888895	NaN	0.0	0.0	64	515639	515639	100000000	100000000	0	0	0	
0.0	210.0	1229.0	0.0032872588888888895	NaN	0.0	0.0	64	515639	515639	100000000	100000000	0	0	0	
0.0	210.0	1229.0	0.0032872588888888895	NaN	0.0	0.0	64	515639	515639	100000000	100000000	0	0	0	
0.0	210.0	1229.0	0.0032872588888888895	NaN	0.0	0.0	64	515639	515639	100000000	100000000	0	0	0	
0.0	210.0	1229.0	0.0032872588888888895	NaN	0.0	0.0	64	515639	515639	100000000	100000000	0	0	0	
0.0	210.0	1229.0	0.0032872588888888895	NaN	0.0	0.0	64	515639	515639	100000000	100000000	0	0	0	
0.0	210.0	1229.0	0.0032872588888888895	NaN	0.0	0.0	64	515639	515639	100000000	100000000	0	0	0	
0.0	210.0	1229.0	0.0032872588888888895	NaN	0.0	0.0	64	515639	515639	100000000	100000000	0	0	0	
0.0	210.0	1229.0	0.0032872588888888895	NaN	0.0	0.0	64	515639	515639	100000000	100000000	0	0	0	
0.0	210.0	1229.0	0.0032872588888888895	NaN	0.0	0.0	64	515639	515639	100000000	100000000	0	0	0	
0.0	210.0	1229.0	0.0032872588888888895	NaN	0.0	0.0	64	515639	515639	100000000	100000000	0	0	0	
0.0	210.0	1229.0	0.0032872588888888895	NaN	0.0	0.0	64	515639	515639	100000000	100000000	0	0	0	
0.0	210.0	1229.0	0.0032872588888888895	NaN	0.0	0.0	64	515639	515639	100000000	100000000	0	0	0	
0.0	210.0	1229.0	0.0032872588888888895	NaN	0.0	0.0	64	515639	515639	100000000	100000000	0	0	0	
0.0	210.0	1229.0	0.0032872588888888895	NaN	0.0	0.0	64	515639	515639	100000000	100000000	0	0	0	
0.0	210.0	1229.0	0.0032872588888888895	NaN	0.0	0.0	64	515639	515639	100000000	100000000	0	0	0	
0.0	210.0	1229.0	0.0032872588888888895	NaN	0.0	0.0	64	515639	515639	100000000	100000000	0	0	0	
0.0	210.0	1229.0	0.0032872588888888895	NaN	0.0	0.0	64	515639	515639	100000000	100000000	0	0	0	
0.0	210.0	1229.0	0.0032872588888888895	NaN	0.0	0.0	64	515639	515639	100000000	100000000	0	0	0	
0.0	210.0	1229.0	0.0032872588888888895	NaN	0.0	0.0	64	515639	515639	100000000	100000000	0	0	0	
0.0	210.0	1229.0	0.0032872588888888895	NaN	0.0	0.0	64	515639	515639	100000000	100000000	0	0	0	
0.0	210.0	1229.0	0.0032872588888888895	NaN	0.0	0.0	64	515639	515639	100000000	100000000	0	0	0	
0.0	210.0	1229.0	0.0032872588888888895	NaN	0.0	0.0	64	515639	515639	100000000	100000000	0	0	0	
0.0	210.0	1229.0	0.0032872588888888895	NaN	0.0	0.0	64	515639	515639	100000000	100000000	0	0	0	
0.0	210.0	1229.0	0.0032872588888888895	NaN	0.0	0.0	64	515639	515639	100000000	100000000	0	0	0	
0.0	210.0	1229.0	0.0032872588888888895	NaN	0.0	0.0	64	515639	515639	100000000	100000000	0	0	0	
0.0	210.0	1229.0	0.0032872588888888895	NaN	0.0	0.0	64	515639	515639	100000000	100000000	0	0	0	
0.0	210.0	1229.0	0.0032872588888888895	NaN	0.0	0.0	64	515639	515639	100000000	100000000	0	0	0	
0.0	210.0	1229.0	0.0032872588888888895	NaN	0.0	0.0	64	515639	515639	100000000	100000000	0	0	0	
0.0	210.0	1229.0	0.0032872588888888895	NaN	0.0	0.0	64	515639	515639	100000000	100000000	0	0	0	
0.0	210.0	1229.0	0.0032872588888888895	NaN	0.0	0.0	64	515639	515639	100000000	100000000	0	0	0	
0.0	210.0	1229.0	0.0032872588888888895	NaN	0.0	0.0	64	515639	515639	100000000	100000000	0	0	0	
0.0	210.0	1229.0	0.0032872588888888895	NaN	0.0	0.0	64	515639	515639	100000000	100000000	0	0	0	
0.0	210.0	1229.0	0.0032872588888888895	NaN	0.0	0.0	64	515639	515639	100000000	100000000	0	0	0	
0.0	210.0	1229.0	0.0032872588888888895	NaN	0.0	0.0	64	515639	515639	100000000	100000000	0	0	0	
0.0	210.0	1229.0	0.0032872588888888895	NaN	0.0	0.0	64	515639	515639	100000000	100000000	0	0	0	
0.0	210.0	1229.0	0.0032872588888888895	NaN	0.0	0.0	64	515639	515639	100000000	100000000	0	0	0	
0.0	210.0	1229.0	0.0032872588888888895	NaN	0.0	0.0	64	515639	515639	100000000	100000000	0	0	0	
0.0	210.0	1229.0	0.0032872588888888895	NaN	0.0	0.0	64	515639	515639	100000000	100000000	0	0	0	
0.0	210.0	1229.0	0.0032872588888888895	NaN	0.0	0.0	64	515639	515639	100000000	100000000	0	0	0	
0.0	210.0	1229.0	0.0032872588888888895	NaN	0.0	0.0	64	515639	515639	100000000	100000000	0	0	0	
0.0	210.0	1229.0	0.0032872588888888895	NaN	0.0	0.0	64	515639	515639	100000000	100000000	0	0	0	
0.0	210.0	1229.0	0.0032872588888888895	NaN	0.0	0.0	64	515639	515639	100000000	100000000	0	0	0	
0.0	210.0	1229.0	0.0032872588888888895	NaN	0.0	0.0	64	515639	515639	100000000	100000000	0	0	0	
0.0	210.0	1229.0	0.0032872588888888895	NaN	0.0	0.0	64	515639	515639	100000000	100000000	0	0	0	
0.0	210.0	1229.0	0.0032872588888888895	NaN	0.0	0.0	64	515639	515639	100000000	100000000	0	0	0	
0.0	210.0	1229.0	0.0032872588888888895	NaN	0.0	0.0	64	515639	515639	100000000	100000000	0	0	0	
0.0	210.0	1229.0	0.0032872588888888895	NaN	0.0	0.0	64	515639	515639	100000000	100000000	0	0	0	
0.0	210.0	1229.0	0.0032872588888888895	NaN	0.0	0.0	64	515639	515639	100000000	100000000	0	0	0	
0.0	210.0	1229.0	0.0032872588888888895	NaN	0.0	0.0	64	515639	515639	100000000	100000000	0	0	0	
0.0	210.0	1229.0	0.0032872588888888895	NaN	0.0	0.0	64	515639	515639	100000000	100000000	0	0	0	
0.0	210.0	1229.0	0.0032872588888888895	NaN	0.0	0.0	64	515639	515639	100000000	100000000	0	0	0	
0.0	210.0	1229.0	0.0032872588888888895	NaN	0.0	0.0	64	515639	515639	100000000	100000000	0	0	0	
0.0	210.0	1229.0	0.0032872588888888895	NaN	0.0	0.0	64	515639	515639	100000000	100000000	0	0	0	
0.0	210.0	1229.0	0.0032872588888888895	NaN	0.0	0.0	64	515639	515639	100000000	100000000	0	0	0	
0.0	210.0	1229.0	0.0032872588888888895	NaN	0.0	0.0	64	515639	515639	100000000	100000000	0	0	0	

Dynamically submitted total 1 cloudlets and VMs
Total vms now 13
LOSS : 
CurrentTime	1200.0
LastTime	900.1
TimeDiff	299.9
TotalEnergy	22.454448261609638
NumVsEnded	0.0
AverageResponseTime	NaN
AverageMigrationTime	NaN
TotalCost	0.3315561111111107
SLAOverall	0.002474083399564307

VM #0 index 0 <-> Host #2
VM #2 index 1 <-> Host #2
VM #3 index 2 <-> Host #2
VM #4 index 3 <-> Host #2
VM #6 index 4 <-> Host #2
VM #8 index 5 <-> Host #0
VM #9 index 6 <-> Host #1
VM #10 index 7 <-> Host #3
VM #11 index 8 <-> Host #2
INPUT : 
CNN number of VMs 9
1	445.7515	445.7515	459.053787037037	88.61736564626163	2500	0	4000	533	2147483647	10000	6994	3496666	100000	0	546666	false	1.0677511449374462E-4	2	1537.9209444444443	168702.0790555555	510477	99978967	0	6	22.454448261609638	
4	170.6631111111111	42.66577777777778	41.77755555555556	0.6902720329218118	2500	0	16000	2110	2147483647	10000	0	0	100000	0	0	false	8.531226781173535E-4	2	1537.9209444444443	168702.0790555555	510477	99978967	0	6	22.454448261609638	
8	30.003333333333334	3.750416666666667	3.8893055555555556	4.894677211934153	2500	0	32000	1453	2147483647	10000	51	14666	100000	0	0	false	0.0999562592973693	2	1537.9209444444443	168702.0790555555	510477	99978967	0	6	22.454448261609638	
1	445.7515	445.7515	303.665	46169.539123166665	2500	0	4000	533	2147483647	10000	6994	3496666	100000	0	546666	false	0.0	2	1537.9209444444443	168702.0790555555	510477	99978967	0	6	22.454448261609638	
1	445.7515	445.7515	222.87575	49673.59993806251	2500	0	4000	533	2147483647	10000	6994	3496666	100000	0	546666	false	0.0	2	1537.9209444444443	168702.0790555555	510477	99978967	0	6	22.454448261609638	
1	0.0	0.0	0.0	0.0	2500	0	4000	0	0	10000	0	0	100000	0	0	false	NaN	0	0.0	170240.0	515639	100000000	0	1	0.0	
2	0.0	0.0	0.0	0.0	2500	0	8000	0	0	10000	0	0	100000	0	0	false	NaN	1	0.0	170240.0	515639	100000000	0	1	0.0	
4	0.0	0.0	0.0	0.0	2500	0	16000	0	0	10000	0	0	100000	0	0	false	NaN	3	0.0	170240.0	515639	100000000	0	1	0.0	
8	0.0	0.0	0.0	0.0	2500	0	32000	0	0	10000	0	0	100000	0	0	false	NaN	2	1537.9209444444443	168702.0790555555	510477	99978967	0	6	22.454448261609638	
LSTM
0.0	210.0	1229.0	0.003315561111111111	NaN	0.0	0.0	64	515639	515639	100000000	100000000	0	0	0	
0.0	210.0	1229.0	0.003315561111111111	NaN	0.0	0.0	64	515639	515639	100000000	100000000	0	0	0	
22.454448261609638	224.54448261604531	1229.0	0.003315561111111111	0.0024740833995640222	0.00903384013418964	0.5781657685881372	64	510477	515639	99978967	100000000	0	0	0	
0.0	210.0	1229.0	0.003315561111111111	NaN	0.0	0.0	64	515639	515639	100000000	100000000	0	0	0	
0.0	210.0	1229.0	0.003315561111111111	NaN	0.0	0.0	64	515639	515639	100000000	100000000	0	0	0	
0.0	210.0	1229.0	0.003315561111111111	NaN	0.0	0.0	64	515639	515639	100000000	100000000	0	0	0	
0.0	210.0	1229.0	0.003315561111111111	NaN	0.0	0.0	64	515639	515639	100000000	100000000	0	0	0	
0.0	210.0	1229.0	0.003315561111111111	NaN	0.0	0.0	64	515639	515639	100000000	100000000	0	0	0	
0.0	210.0	1229.0	0.003315561111111111	NaN	0.0	0.0	64	515639	515639	100000000	100000000	0	0	0	
0.0	210.0	1229.0	0.003315561111111111	NaN	0.0	0.0	64	515639	515639	100000000	100000000	0	0	0	
0.0	210.0	1229.0	0.003315561111111111	NaN	0.0	0.0	64	515639	515639	100000000	100000000	0	0	0	
0.0	210.0	1229.0	0.003315561111111111	NaN	0.0	0.0	64	515639	515639	100000000	100000000	0	0	0	
0.0	210.0	1229.0	0.003315561111111111	NaN	0.0	0.0	64	515639	515639	100000000	100000000	0	0	0	
0.0	210.0	1229.0	0.003315561111111111	NaN	0.0	0.0	64	515639	515639	100000000	100000000	0	0	0	
0.0	210.0	1229.0	0.003315561111111111	NaN	0.0	0.0	64	515639	515639	100000000	100000000	0	0	0	
0.0	210.0	1229.0	0.003315561111111111	NaN	0.0	0.0	64	515639	515639	100000000	100000000	0	0	0	
0.0	210.0	1229.0	0.003315561111111111	NaN	0.0	0.0	64	515639	515639	100000000	100000000	0	0	0	
0.0	210.0	1229.0	0.003315561111111111	NaN	0.0	0.0	64	515639	515639	100000000	100000000	0	0	0	
0.0	210.0	1229.0	0.003315561111111111	NaN	0.0	0.0	64	515639	515639	100000000	100000000	0	0	0	
0.0	210.0	1229.0	0.003315561111111111	NaN	0.0	0.0	64	515639	515639	100000000	100000000	0	0	0	
0.0	210.0	1229.0	0.003315561111111111	NaN	0.0	0.0	64	515639	515639	100000000	100000000	0	0	0	
0.0	210.0	1229.0	0.003315561111111111	NaN	0.0	0.0	64	515639	515639	100000000	100000000	0	0	0	
0.0	210.0	1229.0	0.003315561111111111	NaN	0.0	0.0	64	515639	515639	100000000	100000000	0	0	0	
0.0	210.0	1229.0	0.003315561111111111	NaN	0.0	0.0	64	515639	515639	100000000	100000000	0	0	0	
0.0	210.0	1229.0	0.003315561111111111	NaN	0.0	0.0	64	515639	515639	100000000	100000000	0	0	0	
0.0	210.0	1229.0	0.003315561111111111	NaN	0.0	0.0	64	515639	515639	100000000	100000000	0	0	0	
0.0	210.0	1229.0	0.003315561111111111	NaN	0.0	0.0	64	515639	515639	100000000	100000000	0	0	0	
0.0	210.0	1229.0	0.003315561111111111	NaN	0.0	0.0	64	515639	515639	100000000	100000000	0	0	0	
0.0	210.0	1229.0	0.003315561111111111	NaN	0.0	0.0	64	515639	515639	100000000	100000000	0	0	0	
0.0	210.0	1229.0	0.003315561111111111	NaN	0.0	0.0	64	515639	515639	100000000	100000000	0	0	0	
0.0	210.0	1229.0	0.003315561111111111	NaN	0.0	0.0	64	515639	515639	100000000	100000000	0	0	0	
0.0	210.0	1229.0	0.003315561111111111	NaN	0.0	0.0	64	515639	515639	100000000	100000000	0	0	0	
0.0	210.0	1229.0	0.003315561111111111	NaN	0.0	0.0	64	515639	515639	100000000	100000000	0	0	0	
0.0	210.0	1229.0	0.003315561111111111	NaN	0.0	0.0	64	515639	515639	100000000	100000000	0	0	0	
0.0	210.0	1229.0	0.003315561111111111	NaN	0.0	0.0	64	515639	515639	100000000	100000000	0	0	0	
0.0	210.0	1229.0	0.003315561111111111	NaN	0.0	0.0	64	515639	515639	100000000	100000000	0	0	0	
0.0	210.0	1229.0	0.003315561111111111	NaN	0.0	0.0	64	515639	515639	100000000	100000000	0	0	0	
0.0	210.0	1229.0	0.003315561111111111	NaN	0.0	0.0	64	515639	515639	100000000	100000000	0	0	0	
0.0	210.0	1229.0	0.003315561111111111	NaN	0.0	0.0	64	515639	515639	100000000	100000000	0	0	0	
0.0	210.0	1229.0	0.003315561111111111	NaN	0.0	0.0	64	515639	515639	100000000	100000000	0	0	0	
0.0	210.0	1229.0	0.003315561111111111	NaN	0.0	0.0	64	515639	515639	100000000	100000000	0	0	0	
0.0	210.0	1229.0	0.003315561111111111	NaN	0.0	0.0	64	515639	515639	100000000	100000000	0	0	0	
0.0	210.0	1229.0	0.003315561111111111	NaN	0.0	0.0	64	515639	515639	100000000	100000000	0	0	0	
0.0	210.0	1229.0	0.003315561111111111	NaN	0.0	0.0	64	515639	515639	100000000	100000000	0	0	0	
0.0	210.0	1229.0	0.003315561111111111	NaN	0.0	0.0	64	515639	515639	100000000	100000000	0	0	0	
0.0	210.0	1229.0	0.003315561111111111	NaN	0.0	0.0	64	515639	515639	100000000	100000000	0	0	0	
0.0	210.0	1229.0	0.003315561111111111	NaN	0.0	0.0	64	515639	515639	100000000	100000000	0	0	0	
0.0	210.0	1229.0	0.003315561111111111	NaN	0.0	0.0	64	515639	515639	100000000	100000000	0	0	0	
0.0	210.0	1229.0	0.003315561111111111	NaN	0.0	0.0	64	515639	515639	100000000	100000000	0	0	0	
0.0	210.0	1229.0	0.003315561111111111	NaN	0.0	0.0	64	515639	515639	100000000	100000000	0	0	0	
0.0	210.0	1229.0	0.003315561111111111	NaN	0.0	0.0	64	515639	515639	100000000	100000000	0	0	0	
0.0	210.0	1229.0	0.003315561111111111	NaN	0.0	0.0	64	515639	515639	100000000	100000000	0	0	0	
0.0	210.0	1229.0	0.003315561111111111	NaN	0.0	0.0	64	515639	515639	100000000	100000000	0	0	0	
0.0	210.0	1229.0	0.003315561111111111	NaN	0.0	0.0	64	515639	515639	100000000	100000000	0	0	0	
0.0	210.0	1229.0	0.003315561111111111	NaN	0.0	0.0	64	515639	515639	100000000	100000000	0	0	0	
0.0	210.0	1229.0	0.003315561111111111	NaN	0.0	0.0	64	515639	515639	100000000	100000000	0	0	0	
0.0	210.0	1229.0	0.003315561111111111	NaN	0.0	0.0	64	515639	515639	100000000	100000000	0	0	0	
0.0	210.0	1229.0	0.003315561111111111	NaN	0.0	0.0	64	515639	515639	100000000	100000000	0	0	0	
0.0	210.0	1229.0	0.003315561111111111	NaN	0.0	0.0	64	515639	515639	100000000	100000000	0	0	0	
0.0	210.0	1229.0	0.003315561111111111	NaN	0.0	0.0	64	515639	515639	100000000	100000000	0	0	0	
0.0	210.0	1229.0	0.003315561111111111	NaN	0.0	0.0	64	515639	515639	100000000	100000000	0	0	0	
0.0	210.0	1229.0	0.003315561111111111	NaN	0.0	0.0	64	515639	515639	100000000	100000000	0	0	0	
0.0	210.0	1229.0	0.003315561111111111	NaN	0.0	0.0	64	515639	515639	100000000	100000000	0	0	0	
0.0	210.0	1229.0	0.003315561111111111	NaN	0.0	0.0	64	515639	515639	100000000	100000000	0	0	0	
0.0	210.0	1229.0	0.003315561111111111	NaN	0.0	0.0	64	515639	515639	100000000	100000000	0	0	0	
0.0	210.0	1229.0	0.003315561111111111	NaN	0.0	0.0	64	515639	515639	100000000	100000000	0	0	0	
0.0	210.0	1229.0	0.003315561111111111	NaN	0.0	0.0	64	515639	515639	100000000	100000000	0	0	0	
0.0	210.0	1229.0	0.003315561111111111	NaN	0.0	0.0	64	515639	515639	100000000	100000000	0	0	0	
0.0	210.0	1229.0	0.003315561111111111	NaN	0.0	0.0	64	515639	515639	100000000	100000000	0	0	0	
0.0	210.0	1229.0	0.003315561111111111	NaN	0.0	0.0	64	515639	515639	100000000	100000000	0	0	0	
0.0	210.0	1229.0	0.003315561111111111	NaN	0.0	0.0	64	515639	515639	100000000	100000000	0	0	0	
0.0	210.0	1229.0	0.003315561111111111	NaN	0.0	0.0	64	515639	515639	100000000	100000000	0	0	0	
0.0	210.0	1229.0	0.003315561111111111	NaN	0.0	0.0	64	515639	515639	100000000	100000000	0	0	0	
0.0	210.0	1229.0	0.003315561111111111	NaN	0.0	0.0	64	515639	515639	100000000	100000000	0	0	0	
0.0	210.0	1229.0	0.003315561111111111	NaN	0.0	0.0	64	515639	515639	100000000	100000000	0	0	0	
0.0	210.0	1229.0	0.003315561111111111	NaN	0.0	0.0	64	515639	515639	100000000	100000000	0	0	0	
0.0	210.0	1229.0	0.003315561111111111	NaN	0.0	0.0	64	515639	515639	100000000	100000000	0	0	0	
0.0	210.0	1229.0	0.003315561111111111	NaN	0.0	0.0	64	515639	515639	100000000	100000000	0	0	0	
0.0	210.0	1229.0	0.003315561111111111	NaN	0.0	0.0	64	515639	515639	100000000	100000000	0	0	0	
0.0	210.0	1229.0	0.003315561111111111	NaN	0.0	0.0	64	515639	515639	100000000	100000000	0	0	0	
0.0	210.0	1229.0	0.003315561111111111	NaN	0.0	0.0	64	515639	515639	100000000	100000000	0	0	0	
0.0	210.0	1229.0	0.003315561111111111	NaN	0.0	0.0	64	515639	515639	100000000	100000000	0	0	0	
0.0	210.0	1229.0	0.003315561111111111	NaN	0.0	0.0	64	515639	515639	100000000	100000000	0	0	0	
0.0	210.0	1229.0	0.003315561111111111	NaN	0.0	0.0	64	515639	515639	100000000	100000000	0	0	0	
0.0	210.0	1229.0	0.003315561111111111	NaN	0.0	0.0	64	515639	515639	100000000	100000000	0	0	0	
0.0	210.0	1229.0	0.003315561111111111	NaN	0.0	0.0	64	515639	515639	100000000	100000000	0	0	0	
0.0	210.0	1229.0	0.003315561111111111	NaN	0.0	0.0	64	515639	515639	100000000	100000000	0	0	0	
0.0	210.0	1229.0	0.003315561111111111	NaN	0.0	0.0	64	515639	515639	100000000	100000000	0	0	0	
0.0	210.0	1229.0	0.003315561111111111	NaN	0.0	0.0	64	515639	515639	100000000	100000000	0	0	0	
0.0	210.0	1229.0	0.003315561111111111	NaN	0.0	0.0	64	515639	515639	100000000	100000000	0	0	0	
0.0	210.0	1229.0	0.003315561111111111	NaN	0.0	0.0	64	515639	515639	100000000	100000000	0	0	0	
0.0	210.0	1229.0	0.003315561111111111	NaN	0.0	0.0	64	515639	515639	100000000	100000000	0	0	0	
0.0	210.0	1229.0	0.003315561111111111	NaN	0.0	0.0	64	515639	515639	100000000	100000000	0	0	0	
0.0	210.0	1229.0	0.003315561111111111	NaN	0.0	0.0	64	515639	515639	100000000	100000000	0	0	0	
0.0	210.0	1229.0	0.003315561111111111	NaN	0.0	0.0	64	515639	515639	100000000	100000000	0	0	0	
0.0	210.0	1229.0	0.003315561111111111	NaN	0.0	0.0	64	515639	515639	100000000	100000000	0	0	0	
0.0	210.0	1229.0	0.003315561111111111	NaN	0.0	0.0	64	515639	515639	100000000	100000000	0	0	0	
0.0	210.0	1229.0	0.003315561111111111	NaN	0.0	0.0	64	515639	515639	100000000	100000000	0	0	0	
0.0	210.0	1229.0	0.003315561111111111	NaN	0.0	0.0	64	515639	515639	100000000	100000000	0	0	0	
0.0	210.0	1229.0	0.003315561111111111	NaN	0.0	0.0	64	515639	515639	100000000	100000000	0	0	0	

Dynamically submitted total 2 cloudlets and VMs
Total vms now 15
